Layer 2:
Weights: [1.65683610527609, -0.8519334377825937, -1.1323068617186218, 1.075018783908096, -0.9332450143379203, 0.42947239662406034, 1.4201150836144414, 0.07077127450326383, -0.7136010544015758]
Bias: 1.0997274871230882
Weights: [0.36078708824707395, 0.5246970912999804, 0.6647321141571312, -1.8814360014914127, -0.6127061400440398, -0.6404401496389666, 0.8524092860170088, 0.6277612287883894, -0.0077290154593952914]
Bias: -0.8291367709761149
Weights: [-0.8930778537405325, 0.48566485153187977, -0.8003677267900046, -0.2758631812716771, -0.16814068713991315, 0.8092417773697619, -0.7678242536012303, -1.0953980252361546, -0.5977546949889911]
Bias: 0.4042855857993224

Layer 3:
Weights: [-1.6347113103641937, -1.7803735350123724, -1.751209396297112]
Bias: -0.4958394889215495

